{
    "0": [
        {
            "cam_R_m2c": [
                [
                    0.494089812040329,
                    0.8687383532524109,
                    -0.03418978303670883
                ],
                [
                    -0.1288967877626419,
                    0.03430532291531563,
                    -0.9910644888877869
                ],
                [
                    -0.8598027229309082,
                    0.49408194422721863,
                    0.12892749905586243
                ]
            ],
            "cam_t_m2c": [
                173.72251892089844,
                481.0394592285156,
                1537.785888671875
            ],
            "obj_id": 1
        },
        {
            "cam_R_m2c": [
                [
                    -0.4885040819644928,
                    -0.8719319105148315,
                    -0.03314106911420822
                ],
                [
                    0.1292702853679657,
                    -0.034757647663354874,
                    -0.9909999966621399
                ],
                [
                    0.8629326224327087,
                    -0.48839178681373596,
                    0.1296941637992859
                ]
            ],
            "cam_t_m2c": [
                173.77719116210938,
                481.1999206542969,
                1538.2454833984375
            ],
            "obj_id": 1
        },
        {
            "cam_R_m2c": [
                [
                    0.22761765122413635,
                    0.8458529710769653,
                    0.4824135899543762
                ],
                [
                    -0.11054424941539764,
                    0.5146613717079163,
                    -0.850237250328064
                ],
                [
                    -0.9674553871154785,
                    0.1402008980512619,
                    0.21065032482147217
                ]
            ],
            "cam_t_m2c": [
                870.048828125,
                271.8598937988281,
                2462.33740234375
            ],
            "obj_id": 10
        },
        {
            "cam_R_m2c": [
                [
                    0.011701971292495728,
                    -0.9998376369476318,
                    0.013698441907763481
                ],
                [
                    -0.02886514738202095,
                    0.013355914503335953,
                    0.9994940757751465
                ],
                [
                    -0.9995147585868835,
                    -0.012091460637748241,
                    -0.028704190626740456
                ]
            ],
            "cam_t_m2c": [
                -634.3685913085938,
                347.2294616699219,
                2310.158935546875
            ],
            "obj_id": 3
        }
    ],
    "1": [
        {
            "cam_R_m2c": [
                [
                    0.49416324496269226,
                    0.8684943914413452,
                    -0.03898834064602852
                ],
                [
                    -0.12532232701778412,
                    0.026785297319293022,
                    -0.991754412651062
                ],
                [
                    -0.8602888584136963,
                    0.494974821805954,
                    0.1220780685544014
                ]
            ],
            "cam_t_m2c": [
                170.2301025390625,
                470.9891357421875,
                1542.0625
            ],
            "obj_id": 1
        },
        {
            "cam_R_m2c": [
                [
                    -0.4959205985069275,
                    -0.8675485253334045,
                    -0.03771018236875534
                ],
                [
                    0.1239340752363205,
                    -0.027729464694857597,
                    -0.9919028878211975
                ],
                [
                    0.859478235244751,
                    -0.49657872319221497,
                    0.12127046287059784
                ]
            ],
            "cam_t_m2c": [
                171.4937286376953,
                471.2684631347656,
                1539.6444091796875
            ],
            "obj_id": 1
        },
        {
            "cam_R_m2c": [
                [
                    0.25966447591781616,
                    0.8589276075363159,
                    0.44138166308403015
                ],
                [
                    -0.14693020284175873,
                    0.48687756061553955,
                    -0.8610235452651978
                ],
                [
                    -0.9544556736946106,
                    0.15872487425804138,
                    0.2526273727416992
                ]
            ],
            "cam_t_m2c": [
                862.94775390625,
                251.0813751220703,
                2447.635498046875
            ],
            "obj_id": 10
        },
        {
            "cam_R_m2c": [
                [
                    0.002170950174331665,
                    -0.9994400143623352,
                    0.03339089825749397
                ],
                [
                    -0.05060095340013504,
                    0.033238425850868225,
                    0.9981657862663269
                ],
                [
                    -0.9987164735794067,
                    -0.0038565811701118946,
                    -0.050500474870204926
                ]
            ],
            "cam_t_m2c": [
                -642.4013671875,
                332.8038635253906,
                2329.343994140625
            ],
            "obj_id": 3
        }
    ],
    "2": [
        {
            "cam_R_m2c": [
                [
                    0.49730539321899414,
                    0.8674609661102295,
                    -0.014099624007940292
                ],
                [
                    -0.11601857841014862,
                    0.05038883164525032,
                    -0.9919679760932922
                ],
                [
                    -0.8597830533981323,
                    0.49494698643684387,
                    0.1257002353668213
                ]
            ],
            "cam_t_m2c": [
                153.62930297851562,
                490.4566955566406,
                1539.3062744140625
            ],
            "obj_id": 1
        },
        {
            "cam_R_m2c": [
                [
                    -0.5010347962379456,
                    -0.8652601838111877,
                    -0.0169904213398695
                ],
                [
                    0.11952154338359833,
                    -0.04973885789513588,
                    -0.9915849566459656
                ],
                [
                    0.8571338057518005,
                    -0.49884936213493347,
                    0.12833815813064575
                ]
            ],
            "cam_t_m2c": [
                152.85826110839844,
                490.74432373046875,
                1535.1624755859375
            ],
            "obj_id": 1
        },
        {
            "cam_R_m2c": [
                [
                    0.27480074763298035,
                    0.8476189374923706,
                    0.45390164852142334
                ],
                [
                    -0.15988071262836456,
                    0.5057861804962158,
                    -0.8477135300636292
                ],
                [
                    -0.9481151700019836,
                    0.16038218140602112,
                    0.2745085060596466
                ]
            ],
            "cam_t_m2c": [
                856.6279296875,
                283.4197692871094,
                2458.212158203125
            ],
            "obj_id": 10
        },
        {
            "cam_R_m2c": [
                [
                    0.027899377048015594,
                    -0.9995766282081604,
                    0.008256272412836552
                ],
                [
                    -0.04562455788254738,
                    0.006977550685405731,
                    0.9989343881607056
                ],
                [
                    -0.9985687732696533,
                    -0.028246339410543442,
                    -0.045410577207803726
                ]
            ],
            "cam_t_m2c": [
                -654.9597778320312,
                335.66180419921875,
                2319.79443359375
            ],
            "obj_id": 3
        }
    ],
    "3": [
        {
            "cam_R_m2c": [
                [
                    0.4982169568538666,
                    0.8670123815536499,
                    0.00833945907652378
                ],
                [
                    -0.07185408473014832,
                    0.05087129771709442,
                    -0.9961169362068176
                ],
                [
                    -0.8640698790550232,
                    0.4956831932067871,
                    0.0876433476805687
                ]
            ],
            "cam_t_m2c": [
                127.86421203613281,
                465.7117004394531,
                1516.9581298828125
            ],
            "obj_id": 1
        },
        {
            "cam_R_m2c": [
                [
                    -0.49595510959625244,
                    -0.8683350682258606,
                    0.004733195062726736
                ],
                [
                    0.07321164757013321,
                    -0.047245487570762634,
                    -0.9961966872215271
                ],
                [
                    0.8652560710906982,
                    -0.49372243881225586,
                    0.08700390160083771
                ]
            ],
            "cam_t_m2c": [
                128.43670654296875,
                466.0048522949219,
                1514.8114013671875
            ],
            "obj_id": 1
        },
        {
            "cam_R_m2c": [
                [
                    0.262535035610199,
                    0.8395541906356812,
                    0.4756303131580353
                ],
                [
                    -0.11712285876274109,
                    0.5170024633407593,
                    -0.8479329347610474
                ],
                [
                    -0.9577876329421997,
                    0.16690494120121002,
                    0.23406237363815308
                ]
            ],
            "cam_t_m2c": [
                831.0503540039062,
                235.60780334472656,
                2403.510986328125
            ],
            "obj_id": 10
        },
        {
            "cam_R_m2c": [
                [
                    0.0018429085612297058,
                    -0.9999043345451355,
                    0.013704370707273483
                ],
                [
                    -0.07531116902828217,
                    0.013526714406907558,
                    0.9970684051513672
                ],
                [
                    -0.9971581101417542,
                    -0.0028696171939373016,
                    -0.07527904212474823
                ]
            ],
            "cam_t_m2c": [
                -676.774169921875,
                261.4963684082031,
                2312.6396484375
            ],
            "obj_id": 3
        }
    ],
    "4": [
        {
            "cam_R_m2c": [
                [
                    0.5216518044471741,
                    0.8531365990638733,
                    0.006120813544839621
                ],
                [
                    -0.038521166890859604,
                    0.030719656497240067,
                    -0.9987854361534119
                ],
                [
                    -0.8522883653640747,
                    0.520782470703125,
                    0.048888806253671646
                ]
            ],
            "cam_t_m2c": [
                103.0943374633789,
                451.24237060546875,
                1506.121337890625
            ],
            "obj_id": 1
        },
        {
            "cam_R_m2c": [
                [
                    -0.5243390798568726,
                    -0.8514779806137085,
                    0.007302162237465382
                ],
                [
                    0.037343911826610565,
                    -0.03156200051307678,
                    -0.9988039135932922
                ],
                [
                    0.8506899476051331,
                    -0.5234394073486328,
                    0.04834672063589096
                ]
            ],
            "cam_t_m2c": [
                102.08553314208984,
                449.57818603515625,
                1508.5858154296875
            ],
            "obj_id": 1
        },
        {
            "cam_R_m2c": [
                [
                    0.2882120609283447,
                    0.8280385732650757,
                    0.48092207312583923
                ],
                [
                    -0.06774377077817917,
                    0.5186067819595337,
                    -0.8523246645927429
                ],
                [
                    -0.9551670551300049,
                    0.21307078003883362,
                    0.20556329190731049
                ]
            ],
            "cam_t_m2c": [
                787.3536376953125,
                194.04148864746094,
                2414.100830078125
            ],
            "obj_id": 10
        },
        {
            "cam_R_m2c": [
                [
                    0.04232785850763321,
                    -0.9990810751914978,
                    0.006729647982865572
                ],
                [
                    0.0020545683801174164,
                    0.006822710856795311,
                    0.9999747276306152
                ],
                [
                    -0.999101459980011,
                    -0.042312994599342346,
                    0.0023414865136146545
                ]
            ],
            "cam_t_m2c": [
                -717.5940551757812,
                221.97080993652344,
                2259.666015625
            ],
            "obj_id": 3
        }
    ],
    "5": [
        {
            "cam_R_m2c": [
                [
                    0.5700216889381409,
                    0.8189092874526978,
                    -0.06680615991353989
                ],
                [
                    0.058260709047317505,
                    -0.12139029055833817,
                    -0.990893542766571
                ],
                [
                    -0.8195613622665405,
                    0.5609387159347534,
                    -0.11690530180931091
                ]
            ],
            "cam_t_m2c": [
                46.41112518310547,
                317.3523254394531,
                1586.4244384765625
            ],
            "obj_id": 1
        },
        {
            "cam_R_m2c": [
                [
                    -0.5712766051292419,
                    -0.8181794881820679,
                    -0.0649993047118187
                ],
                [
                    -0.05935993045568466,
                    0.12017373740673065,
                    -0.9909765124320984
                ],
                [
                    0.8186078667640686,
                    -0.5622636079788208,
                    -0.11721958220005035
                ]
            ],
            "cam_t_m2c": [
                44.93788528442383,
                317.5680236816406,
                1586.6329345703125
            ],
            "obj_id": 1
        },
        {
            "cam_R_m2c": [
                [
                    0.31128618121147156,
                    0.9315386414527893,
                    0.18798048794269562
                ],
                [
                    -0.07985392212867737,
                    0.22274883091449738,
                    -0.9715996384620667
                ],
                [
                    -0.9469549655914307,
                    0.28743457794189453,
                    0.14372576773166656
                ]
            ],
            "cam_t_m2c": [
                788.5152587890625,
                183.37002563476562,
                2685.035400390625
            ],
            "obj_id": 10
        },
        {
            "cam_R_m2c": [
                [
                    0.0750967413187027,
                    -0.996120274066925,
                    0.045879848301410675
                ],
                [
                    -0.2990712821483612,
                    0.021392647176980972,
                    0.9539910554885864
                ],
                [
                    -0.9512709379196167,
                    -0.08536301553249359,
                    -0.29630449414253235
                ]
            ],
            "cam_t_m2c": [
                -824.8876953125,
                137.49557495117188,
                2322.5146484375
            ],
            "obj_id": 3
        }
    ],
    "6": [
        {
            "cam_R_m2c": [
                [
                    0.5612618923187256,
                    0.8193195462226868,
                    -0.11704997718334198
                ],
                [
                    0.13556444644927979,
                    -0.2305251806974411,
                    -0.9635767936706543
                ],
                [
                    -0.8164600729942322,
                    0.524951159954071,
                    -0.2404555380344391
                ]
            ],
            "cam_t_m2c": [
                119.6039047241211,
                260.10516357421875,
                1634.2059326171875
            ],
            "obj_id": 1
        },
        {
            "cam_R_m2c": [
                [
                    -0.5631188750267029,
                    -0.8182673454284668,
                    -0.11547813564538956
                ],
                [
                    -0.13613270223140717,
                    0.22968630492687225,
                    -0.963697075843811
                ],
                [
                    0.8150854110717773,
                    -0.5269559621810913,
                    -0.24073375761508942
                ]
            ],
            "cam_t_m2c": [
                119.52396392822266,
                260.0997009277344,
                1633.330810546875
            ],
            "obj_id": 1
        },
        {
            "cam_R_m2c": [
                [
                    0.3438313901424408,
                    0.9359009265899658,
                    0.07661186903715134
                ],
                [
                    0.10789702832698822,
                    0.041670169681310654,
                    -0.9932882189750671
                ],
                [
                    -0.9328116774559021,
                    0.3497898578643799,
                    -0.08665332198143005
                ]
            ],
            "cam_t_m2c": [
                816.7963256835938,
                250.4917755126953,
                2632.39111328125
            ],
            "obj_id": 10
        },
        {
            "cam_R_m2c": [
                [
                    0.09390756487846375,
                    -0.9954564571380615,
                    0.01574394479393959
                ],
                [
                    -0.2274656891822815,
                    -0.006057350896298885,
                    0.9737673401832581
                ],
                [
                    -0.9692472219467163,
                    -0.09502537548542023,
                    -0.22700101137161255
                ]
            ],
            "cam_t_m2c": [
                -805.0365600585938,
                118.84483337402344,
                2564.654541015625
            ],
            "obj_id": 3
        }
    ],
    "7": [
        {
            "cam_R_m2c": [
                [
                    0.6086809635162354,
                    0.7758637070655823,
                    -0.1659611165523529
                ],
                [
                    0.17081958055496216,
                    -0.33241569995880127,
                    -0.9275345206260681
                ],
                [
                    -0.7748082280158997,
                    0.5362231731414795,
                    -0.33486780524253845
                ]
            ],
            "cam_t_m2c": [
                95.87347412109375,
                137.46109008789062,
                1700.8580322265625
            ],
            "obj_id": 1
        },
        {
            "cam_R_m2c": [
                [
                    -0.6100124716758728,
                    -0.7747066020965576,
                    -0.1664753258228302
                ],
                [
                    -0.1699000597000122,
                    0.33308231830596924,
                    -0.9274642467498779
                ],
                [
                    0.7739625573158264,
                    -0.537480890750885,
                    -0.33480724692344666
                ]
            ],
            "cam_t_m2c": [
                95.88199615478516,
                137.3782501220703,
                1701.9677734375
            ],
            "obj_id": 1
        },
        {
            "cam_R_m2c": [
                [
                    0.34710052609443665,
                    0.937752902507782,
                    -0.011852729134261608
                ],
                [
                    0.16798610985279083,
                    -0.07460280507802963,
                    -0.9829623103141785
                ],
                [
                    -0.9226598739624023,
                    0.3391956090927124,
                    -0.18342408537864685
                ]
            ],
            "cam_t_m2c": [
                812.3947143554688,
                233.82383728027344,
                2524.99072265625
            ],
            "obj_id": 10
        },
        {
            "cam_R_m2c": [
                [
                    0.02874777279794216,
                    -0.9872003197669983,
                    0.15687359869480133
                ],
                [
                    -0.32147732377052307,
                    0.13946960866451263,
                    0.9365900158882141
                ],
                [
                    -0.9464805126190186,
                    -0.07735620439052582,
                    -0.3133530914783478
                ]
            ],
            "cam_t_m2c": [
                -896.4896850585938,
                26.292280197143555,
                2580.831787109375
            ],
            "obj_id": 3
        }
    ],
    "8": [
        {
            "cam_R_m2c": [
                [
                    0.6099175810813904,
                    0.7679142951965332,
                    -0.19572514295578003
                ],
                [
                    0.2082347869873047,
                    -0.39360544085502625,
                    -0.8953842520713806
                ],
                [
                    -0.7646165490150452,
                    0.5053536891937256,
                    -0.3999732732772827
                ]
            ],
            "cam_t_m2c": [
                188.95956420898438,
                11.532817840576172,
                1728.547119140625
            ],
            "obj_id": 1
        },
        {
            "cam_R_m2c": [
                [
                    -0.609032928943634,
                    -0.7685951590538025,
                    -0.1958055943250656
                ],
                [
                    -0.20815898478031158,
                    0.39311060309410095,
                    -0.8956190943717957
                ],
                [
                    0.7653416991233826,
                    -0.504703164100647,
                    -0.3994075059890747
                ]
            ],
            "cam_t_m2c": [
                188.5312957763672,
                11.571600914001465,
                1727.7769775390625
            ],
            "obj_id": 1
        },
        {
            "cam_R_m2c": [
                [
                    0.36225631833076477,
                    0.9320730566978455,
                    0.0031683016568422318
                ],
                [
                    0.22312623262405396,
                    -0.08341831713914871,
                    -0.9712135791778564
                ],
                [
                    -0.9049775004386902,
                    0.3525351285934448,
                    -0.2381887137889862
                ]
            ],
            "cam_t_m2c": [
                813.818603515625,
                234.36041259765625,
                2392.0263671875
            ],
            "obj_id": 10
        },
        {
            "cam_R_m2c": [
                [
                    0.026021115481853485,
                    -0.9763791561126709,
                    0.21449251472949982
                ],
                [
                    -0.5831718444824219,
                    0.1594448983669281,
                    0.7965476512908936
                ],
                [
                    -0.8119316101074219,
                    -0.14581307768821716,
                    -0.5652478933334351
                ]
            ],
            "cam_t_m2c": [
                -865.9073486328125,
                -78.84741973876953,
                2754.045166015625
            ],
            "obj_id": 3
        }
    ],
    "9": [
        {
            "cam_R_m2c": [
                [
                    0.6408770680427551,
                    0.7483761310577393,
                    -0.17090871930122375
                ],
                [
                    0.22065569460391998,
                    -0.3928380012512207,
                    -0.8927425146102905
                ],
                [
                    -0.735246479511261,
                    0.5344261527061462,
                    -0.4168942868709564
                ]
            ],
            "cam_t_m2c": [
                149.195068359375,
                -19.95201873779297,
                1753.2451171875
            ],
            "obj_id": 1
        },
        {
            "cam_R_m2c": [
                [
                    -0.639927327632904,
                    -0.7490410208702087,
                    -0.17155152559280396
                ],
                [
                    -0.220971941947937,
                    0.39319220185279846,
                    -0.8925082683563232
                ],
                [
                    0.7359779477119446,
                    -0.5332326889038086,
                    -0.4171317517757416
                ]
            ],
            "cam_t_m2c": [
                148.9934844970703,
                -19.657516479492188,
                1753.1329345703125
            ],
            "obj_id": 1
        },
        {
            "cam_R_m2c": [
                [
                    0.380624920129776,
                    0.9246864318847656,
                    -0.008911032229661942
                ],
                [
                    0.2651609778404236,
                    -0.11836887896060944,
                    -0.9569106698036194
                ],
                [
                    -0.8858970999717712,
                    0.36186113953590393,
                    -0.2902448773384094
                ]
            ],
            "cam_t_m2c": [
                811.8924560546875,
                239.13658142089844,
                2259.09765625
            ],
            "obj_id": 10
        },
        {
            "cam_R_m2c": [
                [
                    -0.0418059304356575,
                    -0.9978998303413391,
                    0.0494815967977047
                ],
                [
                    -0.6291542649269104,
                    0.06476572155952454,
                    0.7745777368545532
                ],
                [
                    -0.7761551141738892,
                    0.0012504011392593384,
                    -0.6305405497550964
                ]
            ],
            "cam_t_m2c": [
                -878.75537109375,
                -147.79627990722656,
                2745.51904296875
            ],
            "obj_id": 3
        }
    ],
    "10": [
        {
            "cam_R_m2c": [
                [
                    0.6623694896697998,
                    0.7330430150032043,
                    -0.1546434462070465
                ],
                [
                    0.2174505740404129,
                    -0.3856452703475952,
                    -0.8966564536094666
                ],
                [
                    -0.7169251441955566,
                    0.560290515422821,
                    -0.4148402810096741
                ]
            ],
            "cam_t_m2c": [
                148.81356811523438,
                -1.5119717121124268,
                1788.91259765625
            ],
            "obj_id": 1
        },
        {
            "cam_R_m2c": [
                [
                    -0.6616913676261902,
                    -0.7337535619735718,
                    -0.1541745811700821
                ],
                [
                    -0.21731875836849213,
                    0.384490042924881,
                    -0.8971843123435974
                ],
                [
                    0.7175906896591187,
                    -0.5601543188095093,
                    -0.4138723611831665
                ]
            ],
            "cam_t_m2c": [
                148.35765075683594,
                -1.7487726211547852,
                1789.306396484375
            ],
            "obj_id": 1
        },
        {
            "cam_R_m2c": [
                [
                    0.4454415440559387,
                    0.8943328857421875,
                    -0.04183449596166611
                ],
                [
                    0.31282490491867065,
                    -0.19925029575824738,
                    -0.9286761283874512
                ],
                [
                    -0.838881254196167,
                    0.40058401226997375,
                    -0.3685239255428314
                ]
            ],
            "cam_t_m2c": [
                768.8762817382812,
                170.3704071044922,
                2012.297607421875
            ],
            "obj_id": 10
        },
        {
            "cam_R_m2c": [
                [
                    0.07838525623083115,
                    -0.9926769733428955,
                    0.0919153168797493
                ],
                [
                    -0.6208513379096985,
                    0.023529235273599625,
                    0.7835754156112671
                ],
                [
                    -0.7799993753433228,
                    -0.11848651617765427,
                    -0.6144604682922363
                ]
            ],
            "cam_t_m2c": [
                -901.6299438476562,
                -129.99813842773438,
                2751.5771484375
            ],
            "obj_id": 3
        }
    ],
    "11": [
        {
            "cam_R_m2c": [
                [
                    0.7118378281593323,
                    0.6923065185546875,
                    -0.11831532418727875
                ],
                [
                    0.25706061720848083,
                    -0.41358110308647156,
                    -0.8734244704246521
                ],
                [
                    -0.6536102890968323,
                    0.5913223624229431,
                    -0.47236743569374084
                ]
            ],
            "cam_t_m2c": [
                112.52129364013672,
                -73.5035629272461,
                1747.218505859375
            ],
            "obj_id": 1
        },
        {
            "cam_R_m2c": [
                [
                    -0.7143149971961975,
                    -0.6901465654373169,
                    -0.11597965657711029
                ],
                [
                    -0.2577027976512909,
                    0.41348305344581604,
                    -0.8732815384864807
                ],
                [
                    0.6506478190422058,
                    -0.5939100980758667,
                    -0.47321009635925293
                ]
            ],
            "cam_t_m2c": [
                113.01634216308594,
                -73.49536895751953,
                1745.5140380859375
            ],
            "obj_id": 1
        },
        {
            "cam_R_m2c": [
                [
                    0.5895816087722778,
                    0.8061457872390747,
                    -0.05022009462118149
                ],
                [
                    0.3656623065471649,
                    -0.3218362331390381,
                    -0.873333752155304
                ],
                [
                    -0.7201971411705017,
                    0.496537983417511,
                    -0.4845258593559265
                ]
            ],
            "cam_t_m2c": [
                729.303466796875,
                153.73899841308594,
                1881.544677734375
            ],
            "obj_id": 10
        },
        {
            "cam_R_m2c": [
                [
                    0.01999540999531746,
                    -0.9979864358901978,
                    0.060194555670022964
                ],
                [
                    -0.7125042676925659,
                    0.028012476861476898,
                    0.7011086940765381
                ],
                [
                    -0.701382577419281,
                    -0.05690782517194748,
                    -0.7105094790458679
                ]
            ],
            "cam_t_m2c": [
                -932.5424194335938,
                -179.04537963867188,
                2646.97607421875
            ],
            "obj_id": 3
        }
    ],
    "12": [
        {
            "cam_R_m2c": [
                [
                    0.7613157629966736,
                    0.6392452716827393,
                    -0.10846024006605148
                ],
                [
                    0.2318427711725235,
                    -0.4246080815792084,
                    -0.8751894235610962
                ],
                [
                    -0.6055137515068054,
                    0.6411498785018921,
                    -0.4714653193950653
                ]
            ],
            "cam_t_m2c": [
                98.6711654663086,
                -74.60382843017578,
                1698.7181396484375
            ],
            "obj_id": 1
        },
        {
            "cam_R_m2c": [
                [
                    -0.7626721262931824,
                    -0.6381305456161499,
                    -0.10545192658901215
                ],
                [
                    -0.23485440015792847,
                    0.4251407980918884,
                    -0.8741270899772644
                ],
                [
                    0.6026391386985779,
                    -0.6419068574905396,
                    -0.47411102056503296
                ]
            ],
            "cam_t_m2c": [
                97.48541259765625,
                -74.4988784790039,
                1698.9599609375
            ],
            "obj_id": 1
        },
        {
            "cam_R_m2c": [
                [
                    0.5764136910438538,
                    0.8128875494003296,
                    -0.08342991024255753
                ],
                [
                    0.3657687306404114,
                    -0.3479596972465515,
                    -0.8632128834724426
                ],
                [
                    -0.7307255864143372,
                    0.46705174446105957,
                    -0.4978976547718048
                ]
            ],
            "cam_t_m2c": [
                674.1198120117188,
                156.5337371826172,
                1752.720458984375
            ],
            "obj_id": 10
        },
        {
            "cam_R_m2c": [
                [
                    -0.018481500446796417,
                    -0.9996181726455688,
                    0.020542621612548828
                ],
                [
                    -0.6850519180297852,
                    0.027625752612948418,
                    0.7279706001281738
                ],
                [
                    -0.7282596230506897,
                    -0.0006187930703163147,
                    -0.6853008270263672
                ]
            ],
            "cam_t_m2c": [
                -978.9645385742188,
                -152.43643188476562,
                2612.9951171875
            ],
            "obj_id": 3
        }
    ],
    "13": [
        {
            "cam_R_m2c": [
                [
                    0.7632169127464294,
                    0.6295852065086365,
                    -0.14533507823944092
                ],
                [
                    0.15951377153396606,
                    -0.4015533924102783,
                    -0.9018369913101196
                ],
                [
                    -0.6261428594589233,
                    0.6651142835617065,
                    -0.4068998694419861
                ]
            ],
            "cam_t_m2c": [
                86.39128112792969,
                100.77574920654297,
                1700.5428466796875
            ],
            "obj_id": 1
        },
        {
            "cam_R_m2c": [
                [
                    -0.763480007648468,
                    -0.6294636726379395,
                    -0.14447513222694397
                ],
                [
                    -0.15947645902633667,
                    0.4005267322063446,
                    -0.9022998213768005
                ],
                [
                    0.6258311867713928,
                    -0.6658479571342468,
                    -0.4061789810657501
                ]
            ],
            "cam_t_m2c": [
                87.46204376220703,
                100.3388442993164,
                1701.359619140625
            ],
            "obj_id": 1
        },
        {
            "cam_R_m2c": [
                [
                    0.4500269293785095,
                    0.88619464635849,
                    0.11015570908784866
                ],
                [
                    0.3219524025917053,
                    -0.045949049293994904,
                    -0.9456396102905273
                ],
                [
                    -0.8329596519470215,
                    0.4610283076763153,
                    -0.30599087476730347
                ]
            ],
            "cam_t_m2c": [
                626.1224365234375,
                262.0382995605469,
                1788.962890625
            ],
            "obj_id": 10
        },
        {
            "cam_R_m2c": [
                [
                    -0.11815784126520157,
                    -0.986164391040802,
                    0.11626964062452316
                ],
                [
                    -0.6594613790512085,
                    0.16547051072120667,
                    0.7333013415336609
                ],
                [
                    -0.7423943281173706,
                    0.009969944134354591,
                    -0.6698888540267944
                ]
            ],
            "cam_t_m2c": [
                -971.1481323242188,
                -77.9007797241211,
                2600.78955078125
            ],
            "obj_id": 3
        }
    ],
    "14": [
