{
    "0": [
        {
            "cam_R_m2c": [
                [
                    -0.028050199151039124,
                    0.9995172023773193,
                    -0.013358421623706818
                ],
                [
                    -0.10141029953956604,
                    -0.016140174120664597,
                    -0.9947137236595154
                ],
                [
                    -0.9944490194320679,
                    -0.02654723823070526,
                    0.10181403905153275
                ]
            ],
            "cam_t_m2c": [
                73.47329711914062,
                570.5380249023438,
                1590.3193359375
            ],
            "obj_id": 1
        },
        {
            "cam_R_m2c": [
                [
                    0.07570517808198929,
                    -0.9969484210014343,
                    -0.019038941711187363
                ],
                [
                    0.06770630925893784,
                    0.024189185351133347,
                    -0.9974120259284973
                ],
                [
                    0.9948288798332214,
                    0.0742201879620552,
                    0.06933090835809708
                ]
            ],
            "cam_t_m2c": [
                139.27635192871094,
                318.5705871582031,
                2235.085205078125
            ],
            "obj_id": 7
        },
        {
            "cam_R_m2c": [
                [
                    -0.9252132773399353,
                    -0.3793838620185852,
                    -0.006939318962395191
                ],
                [
                    0.04450017958879471,
                    -0.09032568335533142,
                    -0.9949175119400024
                ],
                [
                    0.3768288195133209,
                    -0.9208197593688965,
                    0.10045323520898819
                ]
            ],
            "cam_t_m2c": [
                -198.870361328125,
                324.510498046875,
                1478.16552734375
            ],
            "obj_id": 13
        },
        {
            "cam_R_m2c": [
                [
                    -0.7094853520393372,
                    0.7041366100311279,
                    -0.028670603409409523
                ],
                [
                    -0.024673037230968475,
                    -0.06547816842794418,
                    -0.9975488185882568
                ],
                [
                    -0.7042879462242126,
                    -0.7070390582084656,
                    0.06382899731397629
                ]
            ],
            "cam_t_m2c": [
                338.7128601074219,
                368.54302978515625,
                1700.87451171875
            ],
            "obj_id": 11
        },
        {
            "cam_R_m2c": [
                [
                    0.9989941716194153,
                    0.006094971671700478,
                    0.044423677027225494
                ],
                [
                    0.010597793385386467,
                    -0.9947441220283508,
                    -0.10184355825185776
                ],
                [
                    0.043569415807724,
                    0.10221197456121445,
                    -0.9938081502914429
                ]
            ],
            "cam_t_m2c": [
                -572.2885131835938,
                217.59249877929688,
                2124.222412109375
            ],
            "obj_id": 15
        }
    ],
    "1": [
        {
            "cam_R_m2c": [
                [
                    -0.029749391600489616,
                    0.9992927312850952,
                    -0.022996457293629646
                ],
                [
                    -0.08149127662181854,
                    -0.025354791432619095,
                    -0.9963515400886536
                ],
                [
                    -0.996229887008667,
                    -0.027766823768615723,
                    0.08218787610530853
                ]
            ],
            "cam_t_m2c": [
                84.53681182861328,
                549.0081176757812,
                1542.0401611328125
            ],
            "obj_id": 1
        },
        {
            "cam_R_m2c": [
                [
                    0.11777591705322266,
                    -0.9919558763504028,
                    -0.04639154300093651
                ],
                [
                    0.036483198404312134,
                    0.051007356494665146,
                    -0.9980316162109375
                ],
                [
                    0.9923697710037231,
                    0.11585156619548798,
                    0.04219711944460869
                ]
            ],
            "cam_t_m2c": [
                155.68881225585938,
                280.8633728027344,
                2230.505859375
            ],
            "obj_id": 7
        },
        {
            "cam_R_m2c": [
                [
                    -0.925893247127533,
                    -0.37658387422561646,
                    -0.030097924172878265
                ],
                [
                    0.06598547101020813,
                    -0.0827614963054657,
                    -0.9943823218345642
                ],
                [
                    0.37197744846343994,
                    -0.9226781725883484,
                    0.10147742927074432
                ]
            ],
            "cam_t_m2c": [
                -190.00982666015625,
                302.4925537109375,
                1483.441162109375
            ],
            "obj_id": 13
        },
        {
            "cam_R_m2c": [
                [
                    -0.7020393013954163,
                    0.7113599181175232,
                    -0.03328092023730278
                ],
                [
                    -0.02984662353992462,
                    -0.07608404755592346,
                    -0.9966543912887573
                ],
                [
                    -0.7115122675895691,
                    -0.6986974477767944,
                    0.07464569061994553
                ]
            ],
            "cam_t_m2c": [
                351.9921569824219,
                343.4280090332031,
                1710.0228271484375
            ],
            "obj_id": 11
        },
        {
            "cam_R_m2c": [
                [
                    0.9991987943649292,
                    -0.008685200475156307,
                    0.0390649288892746
                ],
                [
                    -0.004279858432710171,
                    -0.993758499622345,
                    -0.11147139221429825
                ],
                [
                    0.039789218455553055,
                    0.11121496558189392,
                    -0.9929995536804199
                ]
            ],
            "cam_t_m2c": [
                -560.592529296875,
                196.184326171875,
                2124.74267578125
            ],
            "obj_id": 15
        }
    ],
    "2": [
        {
            "cam_R_m2c": [
                [
                    -0.013543609529733658,
                    0.9997957348823547,
                    -0.014992090873420238
                ],
                [
                    -0.09307800978422165,
                    -0.016188954934477806,
                    -0.9955272078514099
                ],
                [
                    -0.9955666661262512,
                    -0.01208756398409605,
                    0.09327821433544159
                ]
            ],
            "cam_t_m2c": [
                96.99777221679688,
                537.6322021484375,
                1561.573974609375
            ],
            "obj_id": 1
        },
        {
            "cam_R_m2c": [
                [
                    0.10296542197465897,
                    -0.9932565093040466,
                    -0.05328764021396637
                ],
                [
                    0.05022745579481125,
                    0.058695871382951736,
                    -0.9970114231109619
                ],
                [
                    0.9934160113334656,
                    0.09998118877410889,
                    0.05593235790729523
                ]
            ],
            "cam_t_m2c": [
                158.5570526123047,
                273.74169921875,
                2232.945556640625
            ],
            "obj_id": 7
        },
        {
            "cam_R_m2c": [
                [
                    -0.9273875951766968,
                    -0.3734714984893799,
                    -0.02170201577246189
                ],
                [
                    0.05427229031920433,
                    -0.07691564410924911,
                    -0.9955593347549438
                ],
                [
                    0.3701438903808594,
                    -0.9244473576545715,
                    0.09159978479146957
                ]
            ],
            "cam_t_m2c": [
                -191.65731811523438,
                299.0503234863281,
                1485.1634521484375
            ],
            "obj_id": 13
        },
        {
            "cam_R_m2c": [
                [
                    -0.6976668834686279,
                    0.7157034277915955,
                    -0.032081618905067444
                ],
                [
                    -0.026736227795481682,
                    -0.0707593560218811,
                    -0.9971348643302917
                ],
                [
                    -0.7159231305122375,
                    -0.6948103904724121,
                    0.06850168853998184
                ]
            ],
            "cam_t_m2c": [
                350.3963623046875,
                337.5102844238281,
                1709.0789794921875
            ],
            "obj_id": 11
        },
        {
            "cam_R_m2c": [
                [
                    0.9981275796890259,
                    -0.0009848722256720066,
                    0.061155956238508224
                ],
                [
                    0.0019202055409550667,
                    -0.9988729357719421,
                    -0.04742693901062012
                ],
                [
                    0.06113369017839432,
                    0.04745563864707947,
                    -0.9970008730888367
                ]
            ],
            "cam_t_m2c": [
                -567.2047729492188,
                184.3121337890625,
                2139.9736328125
            ],
            "obj_id": 15
        }
    ],
    "3": [
        {
            "cam_R_m2c": [
                [
                    0.0055432855151593685,
                    0.9999839067459106,
                    0.0011393807362765074
                ],
                [
                    -0.06185983121395111,
                    0.001480134087614715,
                    -0.998083770275116
                ],
                [
                    -0.9980695247650146,
                    0.005462189670652151,
                    0.06186697632074356
                ]
            ],
            "cam_t_m2c": [
                61.23626708984375,
                556.045166015625,
                1556.6422119140625
            ],
            "obj_id": 1
        },
        {
            "cam_R_m2c": [
                [
                    0.04884617030620575,
                    -0.9986336827278137,
                    -0.018563568592071533
                ],
                [
                    0.08348474651575089,
                    0.022602776065468788,
                    -0.9962525367736816
                ],
                [
                    0.9953112006187439,
                    0.047113336622714996,
                    0.08447471261024475
                ]
            ],
            "cam_t_m2c": [
                142.82142639160156,
                289.3907165527344,
                2225.97900390625
            ],
            "obj_id": 7
        },
        {
            "cam_R_m2c": [
                [
                    -0.9309688210487366,
                    -0.36501896381378174,
                    -0.007603765930980444
                ],
                [
                    0.03662532567977905,
                    -0.07264953851699829,
                    -0.9966847896575928
                ],
                [
                    0.3632564842700958,
                    -0.9281610250473022,
                    0.08100341260433197
                ]
            ],
            "cam_t_m2c": [
                -200.4701690673828,
                310.4104919433594,
                1486.3468017578125
            ],
            "obj_id": 13
        },
        {
            "cam_R_m2c": [
                [
                    -0.702933132648468,
                    0.7112183570861816,
                    -0.0072879306972026825
                ],
                [
                    -0.024195481091737747,
                    -0.034151796251535416,
                    -0.9991235136985779
                ],
                [
                    -0.710844099521637,
                    -0.7021408677101135,
                    0.0412147156894207
                ]
            ],
            "cam_t_m2c": [
                340.9721374511719,
                357.3941345214844,
                1709.401123046875
            ],
            "obj_id": 11
        },
        {
            "cam_R_m2c": [
                [
                    0.9969761371612549,
                    0.015945332124829292,
                    0.07605335861444473
                ],
                [
                    0.019677037373185158,
                    -0.9986258745193481,
                    -0.04857344925403595
                ],
                [
                    0.07517428696155548,
                    0.0499231293797493,
                    -0.9959200620651245
                ]
            ],
            "cam_t_m2c": [
                -570.5255737304688,
                188.95654296875,
                2131.86474609375
            ],
            "obj_id": 15
        }
    ],
    "4": [
        {
            "cam_R_m2c": [
                [
                    0.015054070390760899,
                    0.9995690584182739,
                    -0.025193389505147934
                ],
                [
                    -0.05998079106211662,
                    -0.02424810454249382,
                    -0.9979049563407898
                ],
                [
                    -0.9980860948562622,
                    0.01653364486992359,
                    0.05958985537290573
                ]
            ],
            "cam_t_m2c": [
                43.38039016723633,
                509.5242919921875,
                1577.190673828125
            ],
            "obj_id": 1
        },
        {
            "cam_R_m2c": [
                [
                    0.01705583930015564,
                    -0.9991911053657532,
                    -0.03641515225172043
                ],
                [
                    0.0578308030962944,
                    0.0373452827334404,
                    -0.9976274967193604
                ],
                [
                    0.9981806874275208,
                    0.014909441582858562,
                    0.05842095613479614
                ]
            ],
            "cam_t_m2c": [
                103.1434097290039,
                223.92271423339844,
                2242.209716796875
            ],
            "obj_id": 7
        },
        {
            "cam_R_m2c": [
                [
                    -0.9312345385551453,
                    -0.3634447157382965,
                    -0.02664141356945038
                ],
                [
                    0.05067310109734535,
                    -0.05674677714705467,
                    -0.9971017837524414
                ],
                [
                    0.36087965965270996,
                    -0.9298856854438782,
                    0.071261465549469
                ]
            ],
            "cam_t_m2c": [
                -226.35467529296875,
                264.1873474121094,
                1486.1990966796875
            ],
            "obj_id": 13
        },
        {
            "cam_R_m2c": [
                [
                    -0.6730775833129883,
                    0.7383690476417542,
                    -0.0421588234603405
                ],
                [
                    0.009935446083545685,
                    -0.04797183722257614,
                    -0.9987991452217102
                ],
                [
                    -0.7395049929618835,
                    -0.6726882457733154,
                    0.024952754378318787
                ]
            ],
            "cam_t_m2c": [
                309.57928466796875,
                297.14251708984375,
                1718.9364013671875
            ],
            "obj_id": 11
        },
        {
            "cam_R_m2c": [
                [
                    0.9993250966072083,
                    0.006769838742911816,
                    0.03610051050782204
                ],
                [
                    0.007741140201687813,
                    -0.9996100664138794,
                    -0.02683558315038681
                ],
                [
                    0.035904720425605774,
                    0.027096979320049286,
                    -0.9989879727363586
                ]
            ],
            "cam_t_m2c": [
                -613.0152587890625,
                138.08456420898438,
                2133.61669921875
            ],
            "obj_id": 15
        }
    ],
    "5": [
        {
            "cam_R_m2c": [
                [
                    -0.0006723925471305847,
                    0.9990057945251465,
                    -0.04457290470600128
                ],
                [
                    -0.014687716960906982,
                    -0.04457797482609749,
                    -0.9988979697227478
                ],
                [
                    -0.999891996383667,
                    -1.6978010535240173e-05,
                    0.01470300555229187
                ]
            ],
            "cam_t_m2c": [
                46.20017623901367,
                383.6568298339844,
                1563.117919921875
            ],
            "obj_id": 1
        },
        {
            "cam_R_m2c": [
                [
                    0.017656035721302032,
                    -0.9991772174835205,
                    -0.03650921955704689
                ],
                [
                    0.022940024733543396,
                    0.03691009432077408,
                    -0.999055027961731
                ],
                [
                    0.9995808601379395,
                    0.016801808029413223,
                    0.023572832345962524
                ]
            ],
            "cam_t_m2c": [
                94.78710174560547,
                64.95979309082031,
                2212.2392578125
            ],
            "obj_id": 7
        },
        {
            "cam_R_m2c": [
                [
                    -0.9251461625099182,
                    -0.37855803966522217,
                    -0.028252465650439262
                ],
                [
                    0.08089940994977951,
                    -0.12389719486236572,
                    -0.9889916777610779
                ],
                [
                    0.37089046835899353,
                    -0.917247474193573,
                    0.1452482044696808
                ]
            ],
            "cam_t_m2c": [
                -226.80203247070312,
                182.72840881347656,
                1483.5484619140625
            ],
            "obj_id": 13
        },
        {
            "cam_R_m2c": [
                [
                    -0.6777998805046082,
                    0.7351640462875366,
                    -0.010994727723300457
                ],
                [
                    -0.00805485900491476,
                    -0.022377658635377884,
                    -0.999717116355896
                ],
                [
                    -0.7352021336555481,
                    -0.6775195598602295,
                    0.021089235320687294
                ]
            ],
            "cam_t_m2c": [
                306.45355224609375,
                258.11865234375,
                1713.743408203125
            ],
            "obj_id": 11
        },
        {
            "cam_R_m2c": [
                [
                    0.9990882277488708,
                    -0.01860753260552883,
                    0.038423653692007065
                ],
                [
                    -0.014100492000579834,
                    -0.9933341145515442,
                    -0.11440633237361908
                ],
                [
                    0.040296319872140884,
                    0.11376027762889862,
                    -0.9926908016204834
                ]
            ],
            "cam_t_m2c": [
                -609.1776733398438,
                79.15631103515625,
                2117.8837890625
            ],
            "obj_id": 15
        }
    ],
    "6": [
        {
            "cam_R_m2c": [
                [
                    -0.01643030159175396,
                    0.9977685213088989,
                    -0.0647134929895401
                ],
                [
                    0.009972646832466125,
                    -0.06455546617507935,
                    -0.997864305973053
                ],
                [
                    -0.9998153448104858,
                    -0.0170405562967062,
                    -0.008889805525541306
                ]
            ],
            "cam_t_m2c": [
                64.97525024414062,
                284.06866455078125,
                1566.42431640625
            ],
            "obj_id": 1
        },
        {
            "cam_R_m2c": [
                [
                    0.05677848309278488,
                    -0.9967465400695801,
                    -0.057203296571969986
                ],
                [
                    -0.15081185102462769,
                    0.048075612634420395,
                    -0.9873925447463989
                ],
                [
                    0.9869306087493896,
                    0.06468959152698517,
                    -0.1475915014743805
                ]
            ],
            "cam_t_m2c": [
                104.49877166748047,
                -52.402587890625,
                2219.00537109375
            ],
            "obj_id": 7
        },
        {
            "cam_R_m2c": [
                [
                    -0.9288517832756042,
                    -0.36557137966156006,
                    -0.059932224452495575
                ],
                [
                    0.09760572016239166,
                    -0.08544261008501053,
                    -0.9915505647659302
                ],
                [
                    0.3573617935180664,
                    -0.9268531203269958,
                    0.11504542082548141
                ]
            ],
            "cam_t_m2c": [
                -212.69039916992188,
                103.451171875,
                1485.3375244140625
            ],
            "obj_id": 13
        },
        {
            "cam_R_m2c": [
                [
                    -0.6939653754234314,
                    0.7187069058418274,
                    -0.04327038303017616
                ],
                [
                    0.03594755008816719,
                    -0.02543748915195465,
                    -0.9990298748016357
                ],
                [
                    -0.7191103100776672,
                    -0.6948475241661072,
                    -0.008183034136891365
                ]
            ],
            "cam_t_m2c": [
                334.2563171386719,
                225.67723083496094,
                1717.677490234375
            ],
            "obj_id": 11
        },
        {
            "cam_R_m2c": [
                [
                    0.9968447685241699,
                    -0.07935446500778198,
                    -0.001756193581968546
                ],
                [
                    -0.07898291945457458,
                    -0.9894979596138,
                    -0.12106089293956757
                ],
                [
                    0.007868973538279533,
                    0.12081770598888397,
                    -0.9926437139511108
                ]
            ],
            "cam_t_m2c": [
                -596.9039306640625,
                31.542022705078125,
                2109.45947265625
            ],
            "obj_id": 15
        }
    ],
    "7": [
        {
            "cam_R_m2c": [
                [
                    -0.02752630040049553,
                    0.9979883432388306,
                    -0.057110365480184555
                ],
                [
                    -0.027542736381292343,
                    -0.05786750465631485,
                    -0.9979442358016968
                ],
                [
                    -0.9992415904998779,
                    -0.025896720588207245,
                    0.02908012829720974
                ]
            ],
            "cam_t_m2c": [
                104.36930847167969,
                376.463623046875,
                1571.8123779296875
            ],
            "obj_id": 1
        },
        {
            "cam_R_m2c": [
                [
                    0.11091744899749756,
                    -0.9922237992286682,
                    -0.056471627205610275
                ],
                [
                    -0.10806167125701904,
                    0.04444444552063942,
                    -0.993149995803833
                ],
                [
                    0.9879372715950012,
                    0.11626008152961731,
                    -0.10229164361953735
                ]
            ],
            "cam_t_m2c": [
                166.3251953125,
                71.24878692626953,
                2216.02001953125
            ],
            "obj_id": 7
        },
        {
            "cam_R_m2c": [
                [
                    -0.9221013188362122,
                    -0.3832389712333679,
                    -0.053449004888534546
                ],
                [
                    0.060065627098083496,
                    -0.005309552885591984,
                    -0.9981802701950073
                ],
                [
                    0.382257878780365,
                    -0.9236336946487427,
                    0.027915475890040398
                ]
            ],
            "cam_t_m2c": [
                -180.9346466064453,
                152.3982696533203,
                1488.42919921875
            ],
            "obj_id": 13
        },
        {
            "cam_R_m2c": [
                [
                    -0.7037537097930908,
                    0.7071018218994141,
                    -0.06883048266172409
                ],
                [
                    0.0535881482064724,
                    -0.04377405345439911,
                    -0.9976031184196472
                ],
                [
                    -0.708419919013977,
                    -0.705755352973938,
                    -0.00708615779876709
                ]
            ],
            "cam_t_m2c": [
                359.1714172363281,
                155.19418334960938,
                1705.31689453125
            ],
            "obj_id": 11
        },
        {
            "cam_R_m2c": [
                [
                    0.9986228346824646,
                    -0.04714806750416756,
                    0.023006780073046684
                ],
                [
                    -0.04662426561117172,
                    -0.998652458190918,
                    -0.02279757149517536
                ],
                [
                    0.024050625041127205,
                    0.021693561226129532,
                    -0.9994755387306213
                ]
            ],
            "cam_t_m2c": [
                -543.9391479492188,
                -2.7752816677093506,
                2114.146240234375
            ],
            "obj_id": 15
        }
    ],
    "8": [
        {
            "cam_R_m2c": [
                [
                    0.01524856686592102,
                    0.9982900619506836,
                    -0.056432172656059265
                ],
                [
                    -0.01884276419878006,
                    -0.05614179000258446,
                    -0.9982448816299438
                ],
                [
                    -0.9997061491012573,
                    0.01628517359495163,
                    0.01795436441898346
                ]
            ],
            "cam_t_m2c": [
                108.8892593383789,
                524.6184692382812,
                1584.6285400390625
            ],
            "obj_id": 1
        },
        {
            "cam_R_m2c": [
                [
                    0.039512619376182556,
                    -0.9986607432365417,
                    -0.03339666500687599
                ],
                [
                    -0.07689651846885681,
                    0.03028453327715397,
                    -0.9965787529945374
                ],
                [
                    0.9962558746337891,
                    0.04194551706314087,
                    -0.07559683918952942
                ]
            ],
            "cam_t_m2c": [
                183.26495361328125,
                219.18777465820312,
                2238.3857421875
            ],
            "obj_id": 7
        },
        {
            "cam_R_m2c": [
                [
                    -0.9209508895874023,
                    -0.3883959650993347,
                    -0.03158727288246155
                ],
                [
                    0.026292797178030014,
                    0.018940255045890808,
                    -0.9994748830795288
                ],
                [
                    0.3887903094291687,
                    -0.9212976098060608,
                    -0.007230997085571289
                ]
            ],
            "cam_t_m2c": [
                -165.4349822998047,
                271.71942138671875,
                1500.260009765625
            ],
            "obj_id": 13
        },
        {
            "cam_R_m2c": [
                [
                    -0.6868941187858582,
                    0.7236955761909485,
                    -0.06664259731769562
                ],
                [
                    0.11026433110237122,
                    0.01314002275466919,
                    -0.9938154816627502
                ],
                [
                    -0.7183440327644348,
                    -0.6899941563606262,
                    -0.08882363140583038
                ]
            ],
            "cam_t_m2c": [
                376.14263916015625,
                275.6802673339844,
                1717.8076171875
            ],
            "obj_id": 11
        },
        {
            "cam_R_m2c": [
                [
                    0.9999992251396179,
                    -0.0012190802954137325,
                    -3.156019374728203e-05
                ],
                [
                    -0.0012170423287898302,
                    -0.9992774724960327,
                    0.03799206763505936
                ],
                [
                    -7.784541230648756e-05,
                    -0.03799193352460861,
                    -0.9992783069610596
                ]
            ],
            "cam_t_m2c": [
                -517.95068359375,
                118.69269561767578,
                2152.4921875
            ],
            "obj_id": 15
        }
    ],
    "9": [
        {
            "cam_R_m2c": [
                [
                    -0.03728450462222099,
                    0.9971429109573364,
                    -0.065697081387043
                ],
                [
                    -0.06887145340442657,
                    -0.06815050542354584,
                    -0.9952948689460754
                ],
                [
                    -0.9969285130500793,
                    -0.03258439153432846,
                    0.07121552526950836
                ]
            ],
            "cam_t_m2c": [
                157.80596923828125,
                611.8765869140625,
                1653.088623046875
            ],
            "obj_id": 1
        },
        {
            "cam_R_m2c": [
                [
                    0.019585445523262024,
                    -0.9956575036048889,
                    -0.0910084992647171
                ],
                [
                    -0.005727954208850861,
                    0.09091270714998245,
                    -0.9958420395851135
                ],
                [
                    0.9997918605804443,
                    0.020025290548801422,
                    -0.0039224773645401
                ]
            ],
            "cam_t_m2c": [
                140.99789428710938,
                322.9198913574219,
                2248.228515625
            ],
            "obj_id": 7
        },
        {
            "cam_R_m2c": [
                [
                    -0.9342082738876343,
                    -0.34960225224494934,
                    -0.07094330340623856
                ],
                [
                    0.08628464490175247,
                    -0.028483830392360687,
                    -0.9958633184432983
                ],
                [
                    0.34613531827926636,
                    -0.9364648461341858,
                    0.05677521973848343
                ]
            ],
            "cam_t_m2c": [
                -190.293701171875,
                373.9761962890625,
                1497.356689453125
            ],
            "obj_id": 13
        },
        {
            "cam_R_m2c": [
                [
                    -0.6769557595252991,
                    0.7315796613693237,
                    -0.08076056838035583
                ],
                [
                    0.03771946579217911,
                    -0.07509851455688477,
                    -0.9964624643325806
                ],
                [
                    -0.7350565195083618,
                    -0.6776070594787598,
                    0.02324359118938446
                ]
            ],
            "cam_t_m2c": [
                347.9373474121094,
                382.1127624511719,
                1725.603759765625
            ],
            "obj_id": 11
        },
        {
            "cam_R_m2c": [
                [
                    0.9984500408172607,
                    -0.053487420082092285,
                    0.015378082171082497
                ],
                [
                    -0.05469044670462608,
                    -0.9941605925559998,
                    0.0930267870426178
                ],
                [
                    0.010312508791685104,
                    -0.09372358024120331,
                    -0.9955451488494873
                ]
            ],
            "cam_t_m2c": [
                -563.879150390625,
                254.22531127929688,
                2175.43115234375
            ],
            "obj_id": 15
        }
    ],
    "10": [
        {
            "cam_R_m2c": [
                [
                    2.0751729607582092e-05,
                    0.9959987998008728,
                    -0.08936858177185059
                ],
                [
                    -0.02193448692560196,
                    -0.08934661746025085,
                    -0.9957587718963623
                ],
                [
                    -0.999759316444397,
                    0.001980988308787346,
                    0.021844778209924698
                ]
            ],
            "cam_t_m2c": [
                63.1579475402832,
                562.5027465820312,
                1605.4287109375
            ],
            "obj_id": 1
        },
        {
            "cam_R_m2c": [
                [
                    -0.05857335776090622,
                    -0.992835521697998,
                    -0.10414782166481018
                ],
                [
                    0.0012028049677610397,
                    0.10425663739442825,
                    -0.9945492744445801
                ],
                [
                    0.9982823729515076,
                    -0.05837941914796829,
                    -0.0049124471843242645
                ]
            ],
            "cam_t_m2c": [
                35.2194938659668,
                249.19923400878906,
                2252.154296875
            ],
            "obj_id": 7
        },
        {
            "cam_R_m2c": [
                [
                    -0.9410386681556702,
                    -0.3239617645740509,
                    -0.09744036197662354
                ],
                [
                    0.09746722131967545,
                    0.016184508800506592,
                    -0.9951071739196777
                ],
                [
                    0.32395368814468384,
                    -0.9459314346313477,
                    0.016345489770174026
                ]
            ],
            "cam_t_m2c": [
                -252.41751098632812,
                340.6170349121094,
                1489.744140625
            ],
            "obj_id": 13
        },
        {
            "cam_R_m2c": [
                [
                    -0.6628369092941284,
                    0.7426440119743347,
                    -0.09553641825914383
                ],
                [
                    0.05033141374588013,
                    -0.08311236649751663,
                    -0.9952683448791504
                ],
                [
                    -0.7470701932907104,
                    -0.6645088791847229,
                    0.017711607739329338
                ]
            ],
            "cam_t_m2c": [
                272.6567687988281,
                327.18206787109375,
                1744.0966796875
            ],
            "obj_id": 11
        },
        {
            "cam_R_m2c": [
                [
                    0.9902667999267578,
                    -0.059306975454092026,
                    0.12591299414634705
                ],
                [
                    -0.06837555021047592,
                    -0.9952734112739563,
                    0.06896326690912247
                ],
                [
                    0.12122780084609985,
                    -0.07690132409334183,
                    -0.9896416068077087
                ]
            ],
            "cam_t_m2c": [
                -668.6158447265625,
                197.57937622070312,
                2121.7802734375
            ],
            "obj_id": 15
        }
    ],
    "11": [
        {
            "cam_R_m2c": [
                [
                    0.04498777911067009,
                    0.9950822591781616,
                    -0.08824867755174637
                ],
                [
                    0.016311470419168472,
                    -0.08905801922082901,
                    -0.9958926439285278
                ],
                [
                    -0.9988543391227722,
                    0.043363623321056366,
                    -0.02023785002529621
                ]
            ],
            "cam_t_m2c": [
